10753297603582109,10799791332357738,13.523391038258072
10753297603582109,10799791332357738,13.523391038258072
10753297603582109,10799791332357738,13.523391038258072
10753297603582109,10799791332357738,13.523391038258072
10753297603582109,10799791332357738,13.523391038258072
10753297603582109,10799791332357738,13.523391038258072
10753297603582109,10799791332357738,13.523391038258072
10753297603582109,10799791332357738,13.523391038258072
10753297603582109,10799791332357738,13.523391038258072
10753297603582109,10799791332357738,13.523391038258072
10753297603582109,10799791332357738,13.523391038258072
10753297603582109,10799791332357738,13.523391038258072
10753297603582109,10799791332357738,13.523391038258072
10753297603582109,10799791332357738,13.523391038258072
10753297603582109,10799791332357738,13.523391038258072
10753297603582109,10799791332357738,13.523391038258072
10753297603582109,10799791332357738,13.523391038258072
10753297603582109,10799791332357738,13.523391038258072
10753297603582109,10799791332357738,13.523391038258072
10753297603582109,10799791332357738,13.523391038258072
10753297603582109,10799791332357738,13.523391038258072
10753297603582109,10799791332357738,13.523391038258072
10753297603582109,10799791332357738,13.523391038258072
11880034148291960,12179995466588319,13.65636051644253
11940000694034894,12226874899330818,16.09535459615716
12000003977891447,12282997965410713,17.895922510344583
12060002670461088,12282997965410713,20.307073936480812
12120001363316530,12282997965410713,28.15174914012496
12180000058559093,12282997965410713,38.01808977965521
12180000058559093,12282997965410713,38.01808977965521
12180000058559093,12282997965410713,38.01808977965521
12180000058559093,12282997965410713,38.01808977965521
12180000058559093,12282997965410713,38.01808977965521
12180000058559093,12282997965410713,38.01808977965521
12180000058559093,12282997965410713,38.01808977965521
12180000058559093,12282997965410713,38.01808977965521
12180000058559093,12282997965410713,38.01808977965521
12180000058559093,12282997965410713,38.01808977965521
12180000058559093,12282997965410713,38.01808977965521
12180000058559093,12282997965410713,38.01808977965521
12180000058559093,12282997965410713,38.01808977965521
12180000058559093,12282997965410713,38.01808977965521
12180000058559093,12282997965410713,38.01808977965521
12180000058559093,12282997965410713,38.01808977965521
12180000058559093,12282997965410713,38.01808977965521
12180000058559093,12282997965410713,38.01808977965521
12180000058559093,12282997965410713,38.01808977965521
12180000058559093,12282997965410713,38.01808977965521
12180000058559093,12282997965410713,38.01808977965521
12180000058559093,12282997965410713,38.01808977965521
12180000058559093,12282997965410713,38.01808977965521
12180000058559093,12282997965410713,38.01808977965521
12180000058559093,12282997965410713,38.01808977965521
12180000058559093,12282997965410713,38.01808977965521
12180000058559093,12282997965410713,38.01808977965521
12180000058559093,12282997965410713,38.01808977965521
12180000058559093,12282997965410713,38.01808977965521
12180000058559093,12282997965410713,38.01808977965521
12180000058559093,12282997965410713,38.01808977965521
12180000058559093,12282997965410713,38.01808977965521
12180000058559093,12282997965410713,38.01808977965521
12180000058559093,12282997965410713,38.01808977965521
12180000058559093,12282997965410713,38.01808977965521
12180000058559093,12282997965410713,38.01808977965521
